-67.6584
-66.9511
-65.9795
-64.921
-63.9519
-62.984
-61.9295
-60.9641
-59.9999
-58.9493
-57.9875
-56.9397
-55.9804
-54.9351
-53.9783
-52.9358
-51.9813
-50.9414
-49.9894
-48.9521
-47.9163
-46.968
-45.9347
-44.9888
-43.9582
-42.9289
-41.9866
-40.96
-39.9347
-38.996
-37.9733
-36.952
-35.932
-34.9981
-33.9807
-32.9646
-31.9499
-30.9365
-29.9244
-28.9978
-27.9883
-26.98
-25.9732
-24.9676
-23.9633
-22.9604
-21.9587
-20.9584
-19.9594
-18.9617
-17.9653
-16.9702
-15.9764
-14.9839
-13.9927
-12.9203
-11.9318
-10.9445
-9.9586
-8.97389
-7.9905
-6.92657
-5.94584
-4.96633
-3.98814
-2.92982
-1.95426
-0.979912
1.04588
2.01631
3.06624
4.03408
5.00069
6.04642
7.01046
8.0534
9.01486
10.055
11.0139
12.0513
13.0076
14.0423
15.0755
16.028
17.0584
18.0084
19.0361
20.0624
21.0085
22.0321
23.0543
24.0751
25.0162
26.0343
27.051
28.0663
29.0023
30.015
31.0262
32.0361
33.0446
34.0518
35.0576
36.062
37.065
38.0667
39.067
40.066
41.0636
42.0599
43.0549
44.0485
45.0407
46.0316
47.0212
48.0095
49.0723
50.0578
51.042
52.0249
53.0064
54.062
55.0409
56.0184
57.0697
58.0445
59.0181
60.0651
61.036
62.0056
63.0483
64.0152
65.0551
66.0195
67.0565
68.0182
69.0524
70.0114
71.0429
72.0728
73.0279
74.0551
75.0076
76.032
77.055
78.0036
79.0239
80.0427
81.0601
82.0035
83.0182
84.0315
85.0433
86.0538
87.0629
88.0705
89.005
90.01
91.0136
92.0159
93.0168
94.0163
95.0144
96.0113
97.0067
98.0008
99.0644
100.056
101.046
102.034
103.022
104.008
105.063
106.046
107.028
108.008
109.058
110.035
111.012
112.057
113.031
114.004
115.044
116.014
117.052
118.02
119.055
120.019
121.052
122.014
123.043
124.003
125.029
126.055
127.01
128.033
129.054
130.006
131.024
132.041
133.057
134.004
135.017
136.028
137.039
138.048
139.055
140.061
141.066
142.003
143.005
144.006
145.005
146.004
147
148.062
149.057
150.049
151.041
152.031
153.02
154.008
155.06
156.045
157.029
158.011
159.058
160.038
161.017
162.059
163.035
164.01
165.049
166.021
167.057
168.026
169.06
170.027
171.057
172.022
173.05
174.012
175.037
176.061
177.02
178.041
179.061
180.016
181.033
182.049
183.001
184.014
185.027
186.038
187.047
188.056
189
190.006
191.011
192.014
193.016
194.018
195.017
196.016
197.013
198.009
199.004
200.06
201.052
202.044
203.034
204.023
205.01
206.058
207.044
208.028
209.011
210.054
211.035
212.014
213.054
214.031
215.007
216.043
217.017
218.05
219.022
220.053
221.022
222.051
223.018
224.045
225.009
226.034
227.057
228.018
229.039
230.058
231.017
232.034
233.05
234.006
235.02
236.033
237.044
238.055
239.005
240.014
241.021
242.028
243.033
244.037
245.041
246.043
247.044
248.044
249.043
250.041
251.038
252.034
253.03
254.024
255.017
256.009
257
258.049
259.038
260.026
261.013
262.058
263.043
264.028
265.011
266.052
267.033
268.014
269.052
270.031
271.009
272.044
273.02
274.053
275.028
276.002
277.032
278.004
279.033
280.003
281.03
282.056
283.024
284.048
285.014
286.037
287.002
288.023
289.043
290.005
291.024
292.042
293.002
294.018
295.033
296.048
297.005
298.019
299.031
300.043
301.053
302.008
303.017
304.026
305.034
306.041
307.048
308.054
309.004
310.009
311.013
312.016
313.019
314.021
315.023
316.024
317.025
318.025
319.024
320.022
321.021
322.018
323.015
324.012
325.008
