2.12323
2.12179
2.11981
2.11766
2.11569
2.11372
2.11158
2.10962
2.10766
2.10553
2.10358
2.10146
2.09952
2.09741
2.09548
2.09337
2.09144
2.08935
2.08743
2.08534
2.08326
2.08135
2.07927
2.07737
2.0753
2.07324
2.07135
2.06929
2.06724
2.06536
2.06332
2.06128
2.05924
2.05738
2.05535
2.05332
2.0513
2.04928
2.04727
2.04543
2.04342
2.04142
2.03942
2.03743
2.03544
2.03345
2.03147
2.02949
2.02752
2.02555
2.02358
2.02162
2.01966
2.0177
2.01575
2.01364
2.0117
2.00976
2.00782
2.00589
2.00396
2.00187
1.99995
1.99803
1.99612
1.99405
1.99215
1.99024
1.98629
1.9844
1.98235
1.98047
1.97859
1.97656
1.97468
1.97266
1.97079
1.96878
1.96692
1.96491
1.96306
1.96106
1.95906
1.95722
1.95523
1.9534
1.95142
1.94944
1.94762
1.94565
1.94368
1.94172
1.93991
1.93796
1.93601
1.93406
1.93227
1.93033
1.92839
1.92646
1.92453
1.92261
1.92069
1.91878
1.91686
1.91496
1.91305
1.91115
1.90925
1.90736
1.90547
1.90359
1.9017
1.89983
1.89795
1.89608
1.89407
1.89221
1.89035
1.88849
1.88664
1.88465
1.8828
1.88096
1.87898
1.87715
1.87532
1.87335
1.87153
1.86971
1.86776
1.86595
1.864
1.86219
1.86025
1.85846
1.85653
1.85474
1.85281
1.85089
1.84911
1.8472
1.84543
1.84352
1.84162
1.83986
1.83797
1.83608
1.83419
1.83245
1.83057
1.82869
1.82682
1.82496
1.8231
1.82124
1.81951
1.81766
1.81581
1.81397
1.81213
1.81029
1.80846
1.80663
1.80481
1.80298
1.80104
1.79922
1.79741
1.79561
1.7938
1.792
1.79008
1.78829
1.7865
1.78471
1.7828
1.78103
1.77925
1.77736
1.77559
1.77383
1.77194
1.77018
1.76831
1.76656
1.76469
1.76295
1.76108
1.75935
1.7575
1.75577
1.75392
1.75208
1.75036
1.74852
1.74669
1.74499
1.74316
1.74134
1.73952
1.73783
1.73602
1.73422
1.73241
1.73062
1.72882
1.72703
1.72524
1.72358
1.7218
1.72002
1.71825
1.71648
1.71471
1.71284
1.71108
1.70932
1.70757
1.70583
1.70408
1.70234
1.70049
1.69876
1.69703
1.6953
1.69347
1.69175
1.69003
1.68821
1.6865
1.68479
1.68298
1.68128
1.67948
1.67779
1.67599
1.6743
1.67251
1.67084
1.66905
1.66738
1.66561
1.66383
1.66217
1.66041
1.65865
1.657
1.65524
1.65349
1.65185
1.65011
1.64837
1.64663
1.6449
1.64317
1.64155
1.63983
1.63811
1.6364
1.63468
1.63298
1.63127
1.62957
1.62787
1.62618
1.62449
1.6227
1.62102
1.61934
1.61766
1.61599
1.61432
1.61255
1.61089
1.60923
1.60757
1.60582
1.60417
1.60252
1.60078
1.59914
1.59751
1.59578
1.59415
1.59242
1.5908
1.58908
1.58747
1.58576
1.58415
1.58245
1.58085
1.57915
1.57746
1.57586
1.57418
1.5725
1.57092
1.56924
1.56757
1.566
1.56433
1.56267
1.56101
1.55936
1.5578
1.55615
1.55451
1.55287
1.55123
1.5496
1.54797
1.54634
1.54472
1.5431
1.54148
1.53986
1.53825
1.53665
1.53504
1.53344
1.53185
1.53025
1.52866
1.52698
1.5254
1.52382
1.52224
1.52058
1.51901
1.51744
1.51588
1.51422
1.51267
1.51111
1.50947
1.50792
1.50638
1.50475
1.50321
1.50159
1.50005
1.49853
1.49691
1.49539
1.49378
1.49227
1.49067
1.48907
1.48756
1.48597
1.48447
1.48289
1.48139
1.47982
1.47824
1.47676
1.47519
1.47362
1.47215
1.47059
1.46904
1.46748
1.46602
1.46448
1.46293
1.4614
1.45986
1.45841
1.45688
1.45536
1.45383
1.45231
1.4508
1.44928
1.44786
1.44635
1.44485
1.44335
1.44185
1.44035
1.43886
1.43737
1.43589
1.4344
1.43292
1.43145
1.42997
1.4285
1.42704
1.42557
1.42411
